# File generated by Melissa L. Graham. 
# 
# Each row represents photo-z results from a simulation with different limiting magnitudes. 
# The first row is for the baseline limiting magnidues. 
# In this file, the photo-z results are the robust standard deviation in redshift bins. 
# 
# Columns 1 to 6: survey simulation 5-sigma limiting magnitude in ugrizy 
# Columns 7 to 15: robust standard deviation in bins of photometric redshift 
# 
# z_bin_centers = [0.45,0.75,1.05,1.35,1.65,1.95,2.25,2.55,2.85] 
# z_bin_full_width = 0.30 
# z_bin_half_width = 0.15 
# 
 26.09 27.38 27.53 26.83 26.05 24.86  0.0242  0.0162  0.0169  0.0259  0.0315  0.0318  0.0306  0.0471  0.0863
 23.15 27.38 27.53 26.83 26.05 24.86  0.0274  0.0159  0.0173  0.0285  0.0467  0.0600  0.0311  0.0466  0.0731
 23.90 27.38 27.53 26.83 26.05 24.86  0.0266  0.0163  0.0174  0.0283  0.0472  0.0625  0.0356  0.0517  0.0688
 25.15 27.38 27.53 26.83 26.05 24.86  0.0257  0.0161  0.0175  0.0272  0.0396  0.0393  0.0306  0.0469  0.0821
 26.02 27.38 27.53 26.83 26.05 24.86  0.0248  0.0162  0.0175  0.0260  0.0321  0.0310  0.0293  0.0474  0.0665
 26.78 27.38 27.53 26.83 26.05 24.86  0.0225  0.0157  0.0170  0.0237  0.0300  0.0304  0.0301  0.0500  0.0676
 26.09 24.25 27.53 26.83 26.05 24.86  0.0524  0.0291  0.0213  0.0331  0.0778  0.1157  0.0637  0.1096  0.1900
 26.09 25.00 27.53 26.83 26.05 24.86  0.0370  0.0254  0.0199  0.0306  0.0563  0.0615  0.0402  0.0609  0.0817
 26.09 26.25 27.53 26.83 26.05 24.86  0.0274  0.0197  0.0185  0.0282  0.0349  0.0364  0.0334  0.0507  0.0712
 26.09 27.12 27.53 26.83 26.05 24.86  0.0241  0.0164  0.0171  0.0265  0.0322  0.0322  0.0320  0.0482  0.0718
 26.09 27.88 27.53 26.83 26.05 24.86  0.0230  0.0157  0.0167  0.0252  0.0299  0.0291  0.0319  0.0421  0.0648
 26.09 27.38 23.95 26.83 26.05 24.86  0.0836  0.0538  0.0351  0.0357  0.2215  0.2882  0.3327  0.4432  0.3990
 26.09 27.38 24.70 26.83 26.05 24.86  0.0556  0.0368  0.0265  0.0334  0.0632  0.1791  0.1149  0.1870  0.2412
 26.09 27.38 25.95 26.83 26.05 24.86  0.0323  0.0230  0.0198  0.0286  0.0365  0.0432  0.0445  0.0561  0.0965
 26.09 27.38 26.82 26.83 26.05 24.86  0.0266  0.0184  0.0188  0.0272  0.0333  0.0362  0.0306  0.0427  0.0751
 26.09 27.38 27.58 26.83 26.05 24.86  0.0242  0.0158  0.0170  0.0256  0.0314  0.0322  0.0278  0.0465  0.0658
 26.09 27.38 27.53 23.25 26.05 24.86  0.0369  0.0493  0.0650  0.0397  0.0442  0.0729  0.0919  0.1238  0.4628
 26.09 27.38 27.53 24.00 26.05 24.86  0.0334  0.0382  0.0499  0.0394  0.0456  0.0633  0.0960  0.1679  0.4783
 26.09 27.38 27.53 25.25 26.05 24.86  0.0313  0.0227  0.0295  0.0338  0.0360  0.0472  0.0512  0.0894  0.1132
 26.09 27.38 27.53 26.12 26.05 24.86  0.0261  0.0177  0.0207  0.0276  0.0323  0.0384  0.0351  0.0531  0.0742
 26.09 27.38 27.53 26.88 26.05 24.86  0.0237  0.0160  0.0169  0.0251  0.0318  0.0298  0.0274  0.0478  0.0627
 26.09 27.38 27.53 26.83 22.55 24.86  0.0210  0.0260  0.0396  0.0671  0.0362  0.0322  0.0469  0.0798  0.1183
 26.09 27.38 27.53 26.83 23.30 24.86  0.0213  0.0232  0.0354  0.0594  0.0369  0.0322  0.0475  0.0801  0.1254
 26.09 27.38 27.53 26.83 24.55 24.86  0.0235  0.0193  0.0246  0.0368  0.0359  0.0354  0.0416  0.0790  0.4620
 26.09 27.38 27.53 26.83 25.42 24.86  0.0248  0.0176  0.0190  0.0292  0.0328  0.0304  0.0323  0.0599  0.0916
 26.09 27.38 27.53 26.83 26.18 24.86  0.0238  0.0158  0.0171  0.0252  0.0309  0.0317  0.0285  0.0433  0.0706
 26.09 27.38 27.53 26.83 26.05 21.35  0.0258  0.0168  0.0236  0.0370  0.0350  0.0313  0.0309  0.0650  0.0916
 26.09 27.38 27.53 26.83 26.05 22.10  0.0256  0.0167  0.0228  0.0364  0.0337  0.0315  0.0305  0.0601  0.0675
 26.09 27.38 27.53 26.83 26.05 23.35  0.0252  0.0169  0.0210  0.0335  0.0341  0.0327  0.0308  0.0719  0.0699
 26.09 27.38 27.53 26.83 26.05 24.22  0.0245  0.0163  0.0185  0.0292  0.0316  0.0319  0.0290  0.0443  0.0906
 26.09 27.38 27.53 26.83 26.05 24.98  0.0248  0.0155  0.0172  0.0254  0.0306  0.0334  0.0301  0.0478  0.0620
 26.13 27.24 26.05 26.31 26.02 23.35  0.0324  0.0239  0.0277  0.0441  0.0424  0.0438  0.0518  0.0692  0.1201
 26.05 27.68 27.03 26.34 25.98 23.67  0.0270  0.0186  0.0230  0.0357  0.0363  0.0363  0.0345  0.0570  0.1009
 26.56 27.42 27.09 25.95 25.54 24.01  0.0279  0.0203  0.0249  0.0372  0.0343  0.0375  0.0415  0.4385  0.0859
 25.69 27.67 27.17 26.62 25.27 24.49  0.0261  0.0188  0.0217  0.0328  0.0353  0.0368  0.0405  0.0740  0.1526
 26.31 27.67 26.98 26.48 25.48 24.39  0.0257  0.0191  0.0212  0.0321  0.0318  0.0353  0.0377  0.0598  0.0996
 25.83 27.50 26.73 26.49 25.69 24.20  0.0285  0.0199  0.0218  0.0337  0.0369  0.0363  0.0375  0.0572  0.1104
 26.37 27.41 27.27 26.66 24.98 23.85  0.0257  0.0188  0.0243  0.0384  0.0349  0.0337  0.0400  0.0845  0.2742
 26.38 27.59 26.98 26.70 25.69 24.33  0.0258  0.0185  0.0201  0.0308  0.0336  0.0336  0.0331  0.0581  0.0895
 26.53 27.44 26.90 26.52 24.84 24.56  0.0262  0.0213  0.0243  0.0363  0.0354  0.0349  0.0438  0.0959  0.4689
 25.73 26.98 27.29 26.39 25.87 24.74  0.0278  0.0182  0.0203  0.0305  0.0368  0.0378  0.0357  0.0499  0.0798
 26.53 27.10 27.27 26.59 25.75 24.61  0.0250  0.0176  0.0194  0.0294  0.0318  0.0314  0.0331  0.0693  0.0780
 26.25 27.04 26.89 26.70 25.54 24.31  0.0273  0.0196  0.0208  0.0332  0.0348  0.0347  0.0355  0.0622  0.1119
 26.56 27.62 27.01 26.42 25.98 24.33  0.0246  0.0182  0.0207  0.0301  0.0318  0.0318  0.0364  0.0819  0.1156
 25.67 26.30 27.30 26.20 25.20 24.72  0.0310  0.0229  0.0237  0.0376  0.0406  0.0431  0.0426  0.0717  0.1339
 26.54 27.27 26.13 26.71 25.86 24.03  0.0305  0.0230  0.0216  0.0348  0.0356  0.0400  0.0425  0.0837  0.1573
 26.13 27.68 27.22 25.68 25.34 24.59  0.0284  0.0215  0.0262  0.0345  0.0350  0.0413  0.0409  0.0940  0.4467
 25.44 27.67 27.38 26.50 25.45 24.01  0.0263  0.0176  0.0215  0.0345  0.0396  0.0394  0.0349  0.0593  0.1128
 26.24 27.58 26.70 26.37 25.37 24.25  0.0277  0.0199  0.0230  0.0355  0.0350  0.0366  0.0430  0.0761  0.4608
 26.29 27.07 26.58 26.28 25.80 23.95  0.0303  0.0207  0.0236  0.0382  0.0362  0.0388  0.0428  0.0701  0.1588
 26.14 27.18 26.89 26.21 25.92 23.89  0.0292  0.0199  0.0230  0.0370  0.0352  0.0367  0.0377  0.0723  0.0857
 25.83 27.63 27.07 26.52 25.50 23.98  0.0262  0.0184  0.0228  0.0344  0.0383  0.0341  0.0429  0.0590  0.0855
 26.51 27.42 27.41 26.59 24.73 24.05  0.0250  0.0193  0.0255  0.0382  0.0344  0.0340  0.0426  0.0795  0.4469
 26.52 27.35 27.04 26.03 25.91 24.76  0.0272  0.0195  0.0222  0.0293  0.0337  0.0366  0.0371  0.0678  0.0909
 26.57 27.66 27.18 26.65 25.92 24.75  0.0236  0.0164  0.0189  0.0264  0.0301  0.0297  0.0308  0.0522  0.0782
 26.49 26.73 27.34 26.66 25.34 24.77  0.0279  0.0195  0.0206  0.0332  0.0343  0.0327  0.0366  0.0771  0.1161
 25.69 27.58 27.36 25.96 24.90 24.80  0.0279  0.0208  0.0267  0.0364  0.0397  0.0408  0.0463  0.0877  0.4759
 26.60 27.70 26.91 26.68 25.58 24.52  0.0249  0.0183  0.0199  0.0297  0.0320  0.0336  0.0389  0.0642  0.1291
 26.36 27.67 27.27 26.47 25.92 24.42  0.0236  0.0172  0.0199  0.0278  0.0322  0.0338  0.0323  0.0682  0.0929
 25.47 27.36 27.31 26.42 25.97 23.95  0.0275  0.0180  0.0226  0.0356  0.0402  0.0387  0.0354  0.0492  0.0647
 26.05 27.44 26.43 26.41 24.60 24.73  0.0282  0.0239  0.0287  0.0423  0.0394  0.0421  0.0541  0.0800  0.4648
 26.57 27.18 26.66 26.70 25.72 24.59  0.0267  0.0195  0.0201  0.0301  0.0321  0.0333  0.0374  0.0672  0.1294
 25.65 27.61 27.25 26.66 25.92 24.48  0.0246  0.0170  0.0189  0.0297  0.0352  0.0345  0.0360  0.0534  0.0731
 26.60 27.09 27.09 26.44 25.16 24.37  0.0281  0.0202  0.0231  0.0347  0.0335  0.0341  0.0445  0.0865  0.4618
 26.55 27.45 26.69 26.59 25.77 24.61  0.0265  0.0192  0.0202  0.0292  0.0322  0.0342  0.0393  0.0674  0.0781
 26.52 27.60 27.00 26.10 25.99 24.81  0.0261  0.0185  0.0215  0.0284  0.0309  0.0350  0.0384  0.0579  0.1011
 26.50 27.71 27.17 26.35 25.75 24.77  0.0246  0.0175  0.0200  0.0277  0.0316  0.0346  0.0348  0.0653  0.0966
 25.50 27.40 27.17 26.31 25.94 24.65  0.0275  0.0182  0.0208  0.0306  0.0385  0.0391  0.0368  0.0528  0.0891
 25.89 27.67 27.11 25.70 25.79 24.52  0.0293  0.0205  0.0264  0.0351  0.0366  0.0408  0.0408  0.0602  0.1016
 26.29 27.68 27.30 26.51 25.16 24.35  0.0248  0.0183  0.0219  0.0332  0.0339  0.0325  0.0389  0.0674  0.0947
 26.45 27.27 26.91 26.26 25.66 23.93  0.0272  0.0199  0.0232  0.0358  0.0343  0.0342  0.0380  0.0560  0.0843
 26.21 27.69 26.05 25.68 25.89 24.46  0.0339  0.0252  0.0275  0.0366  0.0378  0.0435  0.0531  0.0817  0.3585
 25.20 27.54 27.40 26.68 24.60 24.82  0.0260  0.0191  0.0246  0.0382  0.0418  0.0439  0.0432  0.0901  0.4750
 26.24 27.60 26.47 26.12 25.86 24.49  0.0289  0.0212  0.0240  0.0331  0.0367  0.0382  0.0428  0.0686  0.1491
 26.57 26.96 27.09 26.42 25.78 24.56  0.0271  0.0189  0.0201  0.0310  0.0332  0.0326  0.0366  0.0581  0.1000
 26.26 27.39 26.35 26.54 25.42 24.77  0.0298  0.0214  0.0219  0.0318  0.0365  0.0390  0.0412  0.0601  0.1170
 26.09 27.41 27.16 26.48 24.84 24.65  0.0259  0.0201  0.0243  0.0357  0.0354  0.0366  0.0393  0.0873  0.4691
 25.50 26.25 26.00 26.20 24.60 24.78  0.0352  0.0284  0.0342  0.0491  0.0529  0.0541  0.0619  0.0891  0.4792
 26.01 27.34 27.20 26.67 25.75 24.54  0.0255  0.0177  0.0198  0.0305  0.0347  0.0349  0.0328  0.0578  0.0817
 26.24 27.58 26.79 26.70 25.11 24.77  0.0264  0.0200  0.0214  0.0333  0.0351  0.0348  0.0382  0.0650  0.1359
 26.05 27.31 27.07 25.75 24.69 23.45  0.0293  0.0235  0.0340  0.0497  0.0426  0.0450  0.0529  0.1137  0.4778
 26.58 27.62 27.15 26.27 25.85 24.44  0.0253  0.0182  0.0210  0.0305  0.0310  0.0347  0.0360  0.0717  0.1087
 26.30 27.02 27.26 26.27 25.95 23.64  0.0279  0.0187  0.0231  0.0377  0.0363  0.0351  0.0361  0.0654  0.0830
 26.44 27.54 27.25 26.51 24.73 24.23  0.0254  0.0199  0.0250  0.0387  0.0348  0.0356  0.0446  0.0916  0.4669
 25.98 27.71 26.75 26.09 25.64 23.64  0.0282  0.0207  0.0268  0.0389  0.0370  0.0405  0.0414  0.0725  0.0948
 26.43 27.67 27.04 26.50 25.48 24.61  0.0254  0.0188  0.0205  0.0300  0.0303  0.0331  0.0384  0.0656  0.1167
 26.09 27.59 27.30 26.42 25.61 24.01  0.0257  0.0179  0.0220  0.0342  0.0343  0.0351  0.0392  0.0642  0.0984
 26.48 26.98 26.98 25.83 25.07 24.71  0.0292  0.0235  0.0262  0.0365  0.0375  0.0404  0.0437  0.1152  0.4673
 25.73 27.65 27.32 26.50 25.64 24.80  0.0252  0.0175  0.0200  0.0307  0.0359  0.0367  0.0336  0.0500  0.0827
 26.03 27.00 26.58 26.36 25.66 24.12  0.0299  0.0210  0.0229  0.0364  0.0372  0.0404  0.0374  0.0763  0.1076
 25.60 26.86 26.33 26.03 25.82 24.41  0.0328  0.0229  0.0252  0.0372  0.0424  0.0441  0.0453  0.0621  0.1161
 24.84 26.13 26.28 25.58 24.80 23.61  0.0378  0.0285  0.0375  0.0596  0.0670  0.0694  0.0699  0.1107  0.4783
 24.84 26.13 26.28 25.58 24.80 24.86  0.0398  0.0302  0.0342  0.0490  0.0604  0.0669  0.0566  0.1137  0.4786
 24.84 26.13 26.28 25.58 26.05 23.61  0.0375  0.0261  0.0355  0.0546  0.0635  0.0711  0.0648  0.1153  0.4716
 24.84 26.13 26.28 25.58 26.05 24.86  0.0401  0.0280  0.0292  0.0400  0.0585  0.0635  0.0584  0.0872  0.1313
 24.84 26.13 26.28 26.83 24.80 23.61  0.0345  0.0246  0.0310  0.0545  0.0606  0.0627  0.0606  0.1123  0.4654
 24.84 26.13 26.28 26.83 24.80 24.86  0.0366  0.0271  0.0285  0.0457  0.0582  0.0580  0.0496  0.0808  0.4781
 24.84 26.13 26.28 26.83 26.05 23.61  0.0332  0.0223  0.0250  0.0445  0.0585  0.0618  0.0457  0.0628  0.1429
 24.84 26.13 26.28 26.83 26.05 24.86  0.0369  0.0241  0.0212  0.0339  0.0532  0.0564  0.0438  0.0554  0.1090
 24.84 26.13 27.53 25.58 24.80 23.61  0.0353  0.0250  0.0377  0.0553  0.0632  0.0632  0.0689  0.4497  0.4806
 24.84 26.13 27.53 25.58 24.80 24.86  0.0363  0.0277  0.0335  0.0481  0.0582  0.0647  0.0508  0.1047  0.4741
 24.84 26.13 27.53 25.58 26.05 23.61  0.0354  0.0234  0.0314  0.0520  0.0584  0.0580  0.0591  0.2051  0.3884
 24.84 26.13 27.53 25.58 26.05 24.86  0.0364  0.0257  0.0273  0.0384  0.0546  0.0611  0.0552  0.1249  0.1123
 24.84 26.13 27.53 26.83 24.80 23.61  0.0306  0.0214  0.0274  0.0512  0.0586  0.0579  0.0497  0.0813  0.4628
 24.84 26.13 27.53 26.83 24.80 24.86  0.0322  0.0228  0.0254  0.0422  0.0510  0.0531  0.0423  0.0673  0.1466
 24.84 26.13 27.53 26.83 26.05 23.61  0.0297  0.0189  0.0223  0.0398  0.0529  0.0515  0.0359  0.0629  0.0747
 24.84 26.13 27.53 26.83 26.05 24.86  0.0314  0.0202  0.0193  0.0300  0.0478  0.0491  0.0396  0.0492  0.0972
 24.84 27.38 26.28 25.58 24.80 23.61  0.0357  0.0266  0.0371  0.0560  0.0610  0.0632  0.0695  0.1119  0.4746
 24.84 27.38 26.28 25.58 24.80 24.86  0.0362  0.0267  0.0319  0.0456  0.0545  0.0629  0.0622  0.1017  0.4918
 24.84 27.38 26.28 25.58 26.05 23.61  0.0371  0.0244  0.0332  0.0485  0.0609  0.0669  0.0560  0.0923  0.0977
 24.84 27.38 26.28 25.58 26.05 24.86  0.0357  0.0248  0.0275  0.0369  0.0531  0.0620  0.0595  0.0759  0.1315
 24.84 27.38 26.28 26.83 24.80 23.61  0.0330  0.0236  0.0298  0.0520  0.0591  0.0615  0.0609  0.1573  0.4775
 24.84 27.38 26.28 26.83 24.80 24.86  0.0325  0.0232  0.0261  0.0424  0.0524  0.0559  0.0511  0.0815  0.4844
 24.84 27.38 26.28 26.83 26.05 23.61  0.0326  0.0220  0.0233  0.0404  0.0557  0.0584  0.0449  0.0559  0.1052
 24.84 27.38 26.28 26.83 26.05 24.86  0.0324  0.0211  0.0198  0.0310  0.0494  0.0544  0.0416  0.0506  0.0892
 24.84 27.38 27.53 25.58 24.80 23.61  0.0316  0.0235  0.0348  0.0498  0.0548  0.0608  0.0608  0.1641  0.4590
 24.84 27.38 27.53 25.58 24.80 24.86  0.0318  0.0236  0.0301  0.0403  0.0504  0.0566  0.0496  0.0947  0.4847
 24.84 27.38 27.53 25.58 26.05 23.61  0.0314  0.0211  0.0306  0.0465  0.0558  0.0581  0.0514  0.1137  0.1157
 24.84 27.38 27.53 25.58 26.05 24.86  0.0308  0.0206  0.0263  0.0343  0.0508  0.0580  0.0481  0.0691  0.0866
 24.84 27.38 27.53 26.83 24.80 23.61  0.0277  0.0188  0.0264  0.0445  0.0517  0.0486  0.0461  0.0738  0.1623
 24.84 27.38 27.53 26.83 24.80 24.86  0.0269  0.0189  0.0222  0.0362  0.0473  0.0518  0.0424  0.0683  0.4651
 24.84 27.38 27.53 26.83 26.05 23.61  0.0265  0.0167  0.0211  0.0367  0.0474  0.0478  0.0286  0.0546  0.0771
 24.84 27.38 27.53 26.83 26.05 24.86  0.0262  0.0165  0.0173  0.0283  0.0432  0.0446  0.0329  0.0500  0.0749
 26.09 26.13 26.28 25.58 24.80 23.61  0.0354  0.0274  0.0374  0.0574  0.0513  0.0521  0.0578  0.4307  0.4718
 26.09 26.13 26.28 25.58 24.80 24.86  0.0357  0.0307  0.0333  0.0445  0.0497  0.0539  0.0619  0.1279  0.4664
 26.09 26.13 26.28 25.58 26.05 23.61  0.0356  0.0253  0.0323  0.0531  0.0475  0.0485  0.0534  0.1896  0.1420
 26.09 26.13 26.28 25.58 26.05 24.86  0.0376  0.0282  0.0292  0.0370  0.0466  0.0485  0.0539  0.0989  0.4448
 26.09 26.13 26.28 26.83 24.80 23.61  0.0317  0.0253  0.0309  0.0507  0.0499  0.0431  0.0519  0.0977  0.4529
 26.09 26.13 26.28 26.83 24.80 24.86  0.0335  0.0277  0.0286  0.0427  0.0448  0.0428  0.0491  0.0706  0.4757
 26.09 26.13 26.28 26.83 26.05 23.61  0.0315  0.0225  0.0233  0.0411  0.0459  0.0418  0.0408  0.0684  0.0762
 26.09 26.13 26.28 26.83 26.05 24.86  0.0324  0.0241  0.0213  0.0302  0.0403  0.0423  0.0407  0.0580  0.0855
 26.09 26.13 27.53 25.58 24.80 23.61  0.0335  0.0248  0.0352  0.0550  0.0507  0.0480  0.0542  0.4379  0.4818
 26.09 26.13 27.53 25.58 24.80 24.86  0.0336  0.0276  0.0329  0.0439  0.0451  0.0463  0.0496  0.1316  0.4572
 26.09 26.13 27.53 25.58 26.05 23.61  0.0328  0.0235  0.0326  0.0471  0.0459  0.0451  0.0450  0.4387  0.4670
 26.09 26.13 27.53 25.58 26.05 24.86  0.0345  0.0257  0.0288  0.0355  0.0424  0.0469  0.0488  0.0973  0.1224
 26.09 26.13 27.53 26.83 24.80 23.61  0.0295  0.0206  0.0268  0.0489  0.0461  0.0376  0.0403  0.1037  0.4464
 26.09 26.13 27.53 26.83 24.80 24.86  0.0299  0.0230  0.0245  0.0405  0.0423  0.0356  0.0406  0.0722  0.4559
 26.09 26.13 27.53 26.83 26.05 23.61  0.0277  0.0191  0.0213  0.0380  0.0401  0.0355  0.0335  0.0472  0.0767
 26.09 26.13 27.53 26.83 26.05 24.86  0.0289  0.0198  0.0184  0.0287  0.0346  0.0339  0.0340  0.0437  0.0920
 26.09 27.38 26.28 25.58 24.80 23.61  0.0332  0.0274  0.0357  0.0513  0.0449  0.0500  0.0659  0.1151  0.4728
 26.09 27.38 26.28 25.58 24.80 24.86  0.0329  0.0264  0.0309  0.0410  0.0405  0.0494  0.0564  0.0972  0.4745
 26.09 27.38 26.28 25.58 26.05 23.61  0.0346  0.0246  0.0315  0.0442  0.0417  0.0434  0.0518  0.2003  0.1276
 26.09 27.38 26.28 25.58 26.05 24.86  0.0336  0.0243  0.0268  0.0336  0.0373  0.0462  0.0499  0.0790  0.0954
 26.09 27.38 26.28 26.83 24.80 23.61  0.0310  0.0244  0.0297  0.0477  0.0422  0.0404  0.0487  0.0931  0.4767
 26.09 27.38 26.28 26.83 24.80 24.86  0.0298  0.0239  0.0259  0.0393  0.0385  0.0414  0.0475  0.0882  0.4692
 26.09 27.38 26.28 26.83 26.05 23.61  0.0312  0.0218  0.0232  0.0371  0.0356  0.0416  0.0418  0.0692  0.0909
 26.09 27.38 26.28 26.83 26.05 24.86  0.0300  0.0208  0.0197  0.0277  0.0339  0.0378  0.0395  0.0703  0.0753
 26.09 27.38 27.53 25.58 24.80 23.61  0.0296  0.0230  0.0342  0.0452  0.0406  0.0434  0.0497  0.1539  0.4744
 26.09 27.38 27.53 25.58 24.80 24.86  0.0282  0.0227  0.0288  0.0364  0.0355  0.0445  0.0448  0.0960  0.4803
 26.09 27.38 27.53 25.58 26.05 23.61  0.0297  0.0206  0.0303  0.0407  0.0368  0.0394  0.0464  0.1259  0.1864
 26.09 27.38 27.53 25.58 26.05 24.86  0.0285  0.0208  0.0248  0.0321  0.0352  0.0429  0.0423  0.0719  0.0976
 26.09 27.38 27.53 26.83 24.80 23.61  0.0249  0.0188  0.0253  0.0404  0.0355  0.0353  0.0418  0.0842  0.4681
 26.09 27.38 27.53 26.83 24.80 24.86  0.0249  0.0184  0.0219  0.0352  0.0336  0.0336  0.0383  0.0746  0.4560
 26.09 27.38 27.53 26.83 26.05 23.61  0.0248  0.0167  0.0200  0.0334  0.0335  0.0321  0.0326  0.0545  0.0785
 26.09 27.38 27.53 26.83 26.05 24.86  0.0239  0.0160  0.0176  0.0248  0.0311  0.0316  0.0263  0.0424  0.0709
 25.33 26.63 26.78 26.08 25.30 24.10  0.0315  0.0219  0.0266  0.0420  0.0466  0.0485  0.0477  0.0765  0.1226
 25.33 26.63 26.78 26.08 25.30 24.70  0.0328  0.0229  0.0250  0.0376  0.0451  0.0477  0.0527  0.0739  0.2047
 25.33 26.63 26.78 26.08 25.90 24.10  0.0311  0.0216  0.0241  0.0391  0.0465  0.0456  0.0451  0.0678  0.0668
 25.33 26.63 26.78 26.08 25.90 24.70  0.0318  0.0220  0.0229  0.0343  0.0448  0.0493  0.0417  0.0572  0.1102
 25.33 26.63 26.78 26.68 25.30 24.10  0.0303  0.0207  0.0237  0.0426  0.0446  0.0435  0.0483  0.0680  0.1285
 25.33 26.63 26.78 26.68 25.30 24.70  0.0308  0.0213  0.0224  0.0351  0.0445  0.0438  0.0415  0.0841  0.1274
 25.33 26.63 26.78 26.68 25.90 24.10  0.0292  0.0200  0.0208  0.0361  0.0466  0.0419  0.0406  0.0526  0.0716
 25.33 26.63 26.78 26.68 25.90 24.70  0.0297  0.0205  0.0201  0.0315  0.0427  0.0432  0.0369  0.0536  0.0909
 25.33 26.63 27.38 26.08 25.30 24.10  0.0307  0.0209  0.0263  0.0420  0.0480  0.0432  0.0434  0.0698  0.1516
 25.33 26.63 27.38 26.08 25.30 24.70  0.0311  0.0216  0.0246  0.0375  0.0447  0.0473  0.0458  0.0666  0.1193
 25.33 26.63 27.38 26.08 25.90 24.10  0.0307  0.0197  0.0248  0.0393  0.0434  0.0446  0.0420  0.0730  0.0855
 25.33 26.63 27.38 26.08 25.90 24.70  0.0310  0.0203  0.0228  0.0340  0.0432  0.0452  0.0369  0.0610  0.1839
 25.33 26.63 27.38 26.68 25.30 24.10  0.0291  0.0194  0.0221  0.0396  0.0448  0.0411  0.0408  0.0600  0.1359
 25.33 26.63 27.38 26.68 25.30 24.70  0.0288  0.0201  0.0209  0.0347  0.0429  0.0423  0.0378  0.0634  0.1915
 25.33 26.63 27.38 26.68 25.90 24.10  0.0282  0.0188  0.0212  0.0353  0.0432  0.0396  0.0349  0.0611  0.0942
 25.33 26.63 27.38 26.68 25.90 24.70  0.0295  0.0188  0.0190  0.0306  0.0393  0.0395  0.0371  0.0551  0.0954
 25.33 27.22 26.78 26.08 25.30 24.10  0.0308  0.0218  0.0259  0.0405  0.0461  0.0466  0.0483  0.0806  0.4566
 25.33 27.22 26.78 26.08 25.30 24.70  0.0309  0.0214  0.0243  0.0357  0.0423  0.0442  0.0460  0.0685  0.4562
 25.33 27.22 26.78 26.08 25.90 24.10  0.0299  0.0204  0.0248  0.0377  0.0451  0.0441  0.0419  0.0634  0.0899
 25.33 27.22 26.78 26.08 25.90 24.70  0.0299  0.0204  0.0229  0.0331  0.0413  0.0464  0.0412  0.0654  0.1099
 25.33 27.22 26.78 26.68 25.30 24.10  0.0286  0.0198  0.0232  0.0376  0.0423  0.0451  0.0435  0.0563  0.4675
 25.33 27.22 26.78 26.68 25.30 24.70  0.0289  0.0202  0.0219  0.0338  0.0401  0.0409  0.0404  0.0652  0.1441
 25.33 27.22 26.78 26.68 25.90 24.10  0.0286  0.0196  0.0210  0.0353  0.0418  0.0422  0.0352  0.0568  0.0963
 25.33 27.22 26.78 26.68 25.90 24.70  0.0285  0.0194  0.0195  0.0302  0.0408  0.0419  0.0388  0.0514  0.1067
 25.33 27.22 27.38 26.08 25.30 24.10  0.0292  0.0197  0.0251  0.0389  0.0433  0.0440  0.0415  0.0819  0.2319
 25.33 27.22 27.38 26.08 25.30 24.70  0.0292  0.0197  0.0235  0.0346  0.0434  0.0455  0.0430  0.0670  0.0912
 25.33 27.22 27.38 26.08 25.90 24.10  0.0289  0.0190  0.0232  0.0365  0.0427  0.0465  0.0436  0.0608  0.1086
 25.33 27.22 27.38 26.08 25.90 24.70  0.0291  0.0190  0.0223  0.0322  0.0409  0.0459  0.0426  0.0564  0.0903
 25.33 27.22 27.38 26.68 25.30 24.10  0.0270  0.0187  0.0222  0.0362  0.0433  0.0411  0.0351  0.0633  0.1392
 25.33 27.22 27.38 26.68 25.30 24.70  0.0281  0.0183  0.0206  0.0326  0.0402  0.0420  0.0362  0.0619  0.1033
 25.33 27.22 27.38 26.68 25.90 24.10  0.0267  0.0174  0.0199  0.0332  0.0424  0.0404  0.0349  0.0520  0.1018
 25.33 27.22 27.38 26.68 25.90 24.70  0.0268  0.0173  0.0191  0.0298  0.0390  0.0401  0.0327  0.0502  0.0962
 25.93 26.63 26.78 26.08 25.30 24.10  0.0311  0.0223  0.0263  0.0415  0.0424  0.0404  0.0475  0.0771  0.1136
 25.93 26.63 26.78 26.08 25.30 24.70  0.0305  0.0227  0.0256  0.0372  0.0394  0.0424  0.0454  0.0822  0.1585
 25.93 26.63 26.78 26.08 25.90 24.10  0.0304  0.0216  0.0248  0.0378  0.0413  0.0425  0.0406  0.0750  0.0833
 25.93 26.63 26.78 26.08 25.90 24.70  0.0312  0.0223  0.0232  0.0335  0.0383  0.0405  0.0423  0.0744  0.1054
 25.93 26.63 26.78 26.68 25.30 24.10  0.0294  0.0212  0.0235  0.0392  0.0400  0.0380  0.0397  0.0858  0.1439
 25.93 26.63 26.78 26.68 25.30 24.70  0.0297  0.0220  0.0215  0.0340  0.0369  0.0367  0.0376  0.0686  0.4545
 25.93 26.63 26.78 26.68 25.90 24.10  0.0289  0.0198  0.0211  0.0358  0.0374  0.0360  0.0351  0.0647  0.0785
 25.93 26.63 26.78 26.68 25.90 24.70  0.0284  0.0202  0.0202  0.0305  0.0367  0.0365  0.0389  0.0545  0.0842
 25.93 26.63 27.38 26.08 25.30 24.10  0.0297  0.0211  0.0266  0.0401  0.0408  0.0388  0.0462  0.0694  0.1126
 25.93 26.63 27.38 26.08 25.30 24.70  0.0292  0.0219  0.0244  0.0347  0.0366  0.0412  0.0419  0.0736  0.0934
 25.93 26.63 27.38 26.08 25.90 24.10  0.0300  0.0205  0.0240  0.0367  0.0402  0.0394  0.0351  0.0710  0.0919
 25.93 26.63 27.38 26.08 25.90 24.70  0.0294  0.0201  0.0229  0.0326  0.0372  0.0376  0.0383  0.0608  0.0867
 25.93 26.63 27.38 26.68 25.30 24.10  0.0283  0.0194  0.0227  0.0379  0.0378  0.0362  0.0375  0.0663  0.0942
 25.93 26.63 27.38 26.68 25.30 24.70  0.0289  0.0200  0.0216  0.0342  0.0391  0.0364  0.0395  0.0671  0.1886
 25.93 26.63 27.38 26.68 25.90 24.10  0.0270  0.0185  0.0207  0.0334  0.0368  0.0353  0.0337  0.0594  0.0685
 25.93 26.63 27.38 26.68 25.90 24.70  0.0280  0.0188  0.0189  0.0294  0.0351  0.0333  0.0342  0.0532  0.0837
 25.93 27.22 26.78 26.08 25.30 24.10  0.0306  0.0214  0.0254  0.0377  0.0404  0.0382  0.0457  0.0841  0.0996
 25.93 27.22 26.78 26.08 25.30 24.70  0.0295  0.0208  0.0245  0.0345  0.0372  0.0406  0.0451  0.0781  0.4527
 25.93 27.22 26.78 26.08 25.90 24.10  0.0293  0.0203  0.0239  0.0379  0.0371  0.0379  0.0405  0.0605  0.1140
 25.93 27.22 26.78 26.08 25.90 24.70  0.0295  0.0202  0.0221  0.0314  0.0344  0.0385  0.0395  0.0650  0.0954
 25.93 27.22 26.78 26.68 25.30 24.10  0.0285  0.0201  0.0233  0.0375  0.0377  0.0381  0.0424  0.0662  0.1985
 25.93 27.22 26.78 26.68 25.30 24.70  0.0284  0.0206  0.0209  0.0329  0.0357  0.0386  0.0377  0.0572  0.1097
 25.93 27.22 26.78 26.68 25.90 24.10  0.0280  0.0192  0.0205  0.0336  0.0360  0.0364  0.0320  0.0535  0.0896
 25.93 27.22 26.78 26.68 25.90 24.70  0.0272  0.0188  0.0191  0.0291  0.0348  0.0354  0.0368  0.0549  0.0928
 25.93 27.22 27.38 26.08 25.30 24.10  0.0277  0.0199  0.0249  0.0370  0.0383  0.0390  0.0418  0.0715  0.4628
 25.93 27.22 27.38 26.08 25.30 24.70  0.0283  0.0197  0.0237  0.0336  0.0345  0.0398  0.0439  0.0680  0.1147
 25.93 27.22 27.38 26.08 25.90 24.10  0.0277  0.0190  0.0242  0.0356  0.0373  0.0391  0.0387  0.0553  0.1199
 25.93 27.22 27.38 26.08 25.90 24.70  0.0274  0.0185  0.0221  0.0309  0.0340  0.0399  0.0368  0.0576  0.0907
 25.93 27.22 27.38 26.68 25.30 24.10  0.0258  0.0181  0.0218  0.0354  0.0368  0.0344  0.0357  0.0683  0.0961
 25.93 27.22 27.38 26.68 25.30 24.70  0.0265  0.0180  0.0198  0.0316  0.0342  0.0338  0.0347  0.0615  0.0823
 25.93 27.22 27.38 26.68 25.90 24.10  0.0261  0.0170  0.0202  0.0310  0.0345  0.0342  0.0337  0.0519  0.0891
 25.93 27.22 27.38 26.68 25.90 24.70  0.0259  0.0172  0.0192  0.0286  0.0324  0.0329  0.0304  0.0486  0.0853
 26.03 27.32 27.47 26.77 26.00 24.80  0.0252  0.0162  0.0182  0.0268  0.0325  0.0337  0.0315  0.0492  0.0738
 26.03 27.32 27.47 26.77 26.00 24.98  0.0247  0.0165  0.0175  0.0258  0.0316  0.0326  0.0340  0.0457  0.0703
 26.03 27.32 27.47 26.77 26.18 24.80  0.0244  0.0162  0.0178  0.0260  0.0332  0.0336  0.0293  0.0454  0.0729
 26.03 27.32 27.47 26.77 26.18 24.98  0.0255  0.0162  0.0170  0.0257  0.0308  0.0318  0.0299  0.0459  0.0665
 26.03 27.32 27.47 26.95 26.00 24.80  0.0247  0.0162  0.0169  0.0267  0.0313  0.0308  0.0293  0.0490  0.0792
 26.03 27.32 27.47 26.95 26.00 24.98  0.0242  0.0160  0.0171  0.0258  0.0319  0.0322  0.0304  0.0463  0.0636
 26.03 27.32 27.47 26.95 26.18 24.80  0.0241  0.0158  0.0171  0.0261  0.0320  0.0292  0.0281  0.0399  0.0731
 26.03 27.32 27.47 26.95 26.18 24.98  0.0242  0.0162  0.0166  0.0256  0.0313  0.0314  0.0296  0.0364  0.0650
 26.03 27.32 27.65 26.77 26.00 24.80  0.0246  0.0157  0.0176  0.0253  0.0324  0.0327  0.0302  0.0430  0.0688
 26.03 27.32 27.65 26.77 26.00 24.98  0.0243  0.0162  0.0172  0.0253  0.0319  0.0334  0.0281  0.0426  0.0682
 26.03 27.32 27.65 26.77 26.18 24.80  0.0242  0.0161  0.0176  0.0259  0.0327  0.0326  0.0309  0.0442  0.0655
 26.03 27.32 27.65 26.77 26.18 24.98  0.0242  0.0158  0.0168  0.0254  0.0303  0.0301  0.0286  0.0380  0.0639
 26.03 27.32 27.65 26.95 26.00 24.80  0.0235  0.0161  0.0168  0.0272  0.0307  0.0325  0.0279  0.0418  0.0831
 26.03 27.32 27.65 26.95 26.00 24.98  0.0241  0.0162  0.0172  0.0248  0.0298  0.0322  0.0293  0.0405  0.0677
 26.03 27.32 27.65 26.95 26.18 24.80  0.0247  0.0154  0.0165  0.0249  0.0309  0.0312  0.0274  0.0378  0.0715
 26.03 27.32 27.65 26.95 26.18 24.98  0.0246  0.0156  0.0163  0.0245  0.0316  0.0302  0.0283  0.0488  0.0648
 26.03 27.50 27.47 26.77 26.00 24.80  0.0244  0.0164  0.0178  0.0259  0.0325  0.0330  0.0313  0.0498  0.0826
 26.03 27.50 27.47 26.77 26.00 24.98  0.0245  0.0162  0.0175  0.0249  0.0320  0.0321  0.0294  0.0427  0.0649
 26.03 27.50 27.47 26.77 26.18 24.80  0.0232  0.0161  0.0175  0.0249  0.0323  0.0332  0.0283  0.0438  0.0544
 26.03 27.50 27.47 26.77 26.18 24.98  0.0236  0.0164  0.0173  0.0259  0.0312  0.0320  0.0284  0.0428  0.0722
 26.03 27.50 27.47 26.95 26.00 24.80  0.0237  0.0161  0.0173  0.0265  0.0318  0.0313  0.0300  0.0414  0.0870
 26.03 27.50 27.47 26.95 26.00 24.98  0.0235  0.0157  0.0165  0.0249  0.0312  0.0314  0.0319  0.0522  0.0765
 26.03 27.50 27.47 26.95 26.18 24.80  0.0243  0.0155  0.0174  0.0246  0.0316  0.0321  0.0277  0.0406  0.0635
 26.03 27.50 27.47 26.95 26.18 24.98  0.0234  0.0159  0.0168  0.0245  0.0303  0.0307  0.0299  0.0454  0.0649
 26.03 27.50 27.65 26.77 26.00 24.80  0.0240  0.0162  0.0174  0.0255  0.0316  0.0311  0.0304  0.0516  0.0626
 26.03 27.50 27.65 26.77 26.00 24.98  0.0236  0.0155  0.0169  0.0250  0.0314  0.0328  0.0292  0.0404  0.0801
 26.03 27.50 27.65 26.77 26.18 24.80  0.0243  0.0153  0.0174  0.0257  0.0313  0.0325  0.0269  0.0455  0.0743
 26.03 27.50 27.65 26.77 26.18 24.98  0.0237  0.0154  0.0169  0.0245  0.0305  0.0309  0.0306  0.0404  0.0728
 26.03 27.50 27.65 26.95 26.00 24.80  0.0234  0.0157  0.0170  0.0256  0.0305  0.0305  0.0268  0.0445  0.4617
 26.03 27.50 27.65 26.95 26.00 24.98  0.0234  0.0156  0.0166  0.0261  0.0308  0.0303  0.0264  0.0454  0.0743
 26.03 27.50 27.65 26.95 26.18 24.80  0.0235  0.0156  0.0165  0.0247  0.0308  0.0333  0.0283  0.0420  0.0599
 26.03 27.50 27.65 26.95 26.18 24.98  0.0230  0.0154  0.0164  0.0243  0.0304  0.0319  0.0262  0.0467  0.0705
 26.21 27.32 27.47 26.77 26.00 24.80  0.0238  0.0163  0.0178  0.0261  0.0306  0.0300  0.0295  0.0463  0.0747
 26.21 27.32 27.47 26.77 26.00 24.98  0.0242  0.0162  0.0173  0.0255  0.0307  0.0319  0.0305  0.0484  0.0691
 26.21 27.32 27.47 26.77 26.18 24.80  0.0243  0.0157  0.0173  0.0259  0.0309  0.0322  0.0306  0.0484  0.0705
 26.21 27.32 27.47 26.77 26.18 24.98  0.0242  0.0162  0.0165  0.0257  0.0309  0.0322  0.0320  0.0378  0.0674
 26.21 27.32 27.47 26.95 26.00 24.80  0.0235  0.0163  0.0166  0.0260  0.0310  0.0321  0.0286  0.0470  0.0662
 26.21 27.32 27.47 26.95 26.00 24.98  0.0241  0.0162  0.0170  0.0260  0.0300  0.0315  0.0302  0.0438  0.0746
 26.21 27.32 27.47 26.95 26.18 24.80  0.0240  0.0157  0.0169  0.0256  0.0301  0.0302  0.0278  0.0421  0.0817
 26.21 27.32 27.47 26.95 26.18 24.98  0.0236  0.0157  0.0163  0.0252  0.0302  0.0306  0.0307  0.0429  0.0765
 26.21 27.32 27.65 26.77 26.00 24.80  0.0246  0.0161  0.0173  0.0269  0.0300  0.0307  0.0304  0.0441  0.0836
 26.21 27.32 27.65 26.77 26.00 24.98  0.0240  0.0161  0.0173  0.0249  0.0302  0.0325  0.0308  0.0477  0.0660
 26.21 27.32 27.65 26.77 26.18 24.80  0.0240  0.0160  0.0176  0.0256  0.0305  0.0331  0.0292  0.0417  0.0666
 26.21 27.32 27.65 26.77 26.18 24.98  0.0235  0.0158  0.0170  0.0254  0.0304  0.0309  0.0318  0.0409  0.0757
 26.21 27.32 27.65 26.95 26.00 24.80  0.0239  0.0151  0.0172  0.0255  0.0304  0.0291  0.0297  0.0421  0.0839
 26.21 27.32 27.65 26.95 26.00 24.98  0.0238  0.0158  0.0173  0.0252  0.0304  0.0302  0.0287  0.0441  0.0747
 26.21 27.32 27.65 26.95 26.18 24.80  0.0233  0.0157  0.0163  0.0245  0.0304  0.0318  0.0256  0.0461  0.0773
 26.21 27.32 27.65 26.95 26.18 24.98  0.0238  0.0156  0.0161  0.0244  0.0300  0.0293  0.0294  0.0365  0.0673
 26.21 27.50 27.47 26.77 26.00 24.80  0.0244  0.0162  0.0172  0.0265  0.0306  0.0309  0.0302  0.0465  0.0561
 26.21 27.50 27.47 26.77 26.00 24.98  0.0238  0.0160  0.0171  0.0258  0.0302  0.0320  0.0285  0.0471  0.0686
 26.21 27.50 27.47 26.77 26.18 24.80  0.0236  0.0161  0.0169  0.0262  0.0298  0.0309  0.0288  0.0475  0.1010
 26.21 27.50 27.47 26.77 26.18 24.98  0.0235  0.0161  0.0166  0.0242  0.0301  0.0314  0.0287  0.0459  0.0740
 26.21 27.50 27.47 26.95 26.00 24.80  0.0234  0.0160  0.0169  0.0262  0.0302  0.0303  0.0291  0.0535  0.0712
 26.21 27.50 27.47 26.95 26.00 24.98  0.0233  0.0158  0.0163  0.0252  0.0301  0.0315  0.0298  0.0453  0.0786
 26.21 27.50 27.47 26.95 26.18 24.80  0.0231  0.0156  0.0168  0.0251  0.0303  0.0301  0.0277  0.0421  0.0754
 26.21 27.50 27.47 26.95 26.18 24.98  0.0235  0.0155  0.0161  0.0242  0.0295  0.0307  0.0297  0.0451  0.0644
 26.21 27.50 27.65 26.77 26.00 24.80  0.0238  0.0159  0.0174  0.0268  0.0303  0.0308  0.0305  0.0430  0.0715
 26.21 27.50 27.65 26.77 26.00 24.98  0.0235  0.0160  0.0170  0.0248  0.0304  0.0313  0.0303  0.0385  0.0761
 26.21 27.50 27.65 26.77 26.18 24.80  0.0228  0.0158  0.0169  0.0252  0.0303  0.0303  0.0283  0.0438  0.0802
 26.21 27.50 27.65 26.77 26.18 24.98  0.0225  0.0156  0.0170  0.0247  0.0302  0.0307  0.0302  0.0425  0.0629
 26.21 27.50 27.65 26.95 26.00 24.80  0.0234  0.0152  0.0169  0.0258  0.0304  0.0304  0.0296  0.0507  0.0728
 26.21 27.50 27.65 26.95 26.00 24.98  0.0229  0.0158  0.0168  0.0251  0.0296  0.0305  0.0280  0.0463  0.0679
 26.21 27.50 27.65 26.95 26.18 24.80  0.0231  0.0151  0.0163  0.0250  0.0294  0.0289  0.0266  0.0385  0.0727
 26.21 27.50 27.65 26.95 26.18 24.98  0.0229  0.0154  0.0166  0.0246  0.0297  0.0295  0.0302  0.0412  0.0722
 23.40 24.50 24.20 23.50 22.80 21.60  0.0514  0.0440  0.0615  0.1053  0.1380  0.2310  0.4241  0.3986  0.0307
 23.40 24.50 24.20 23.50 22.80 22.60  0.0515  0.0478  0.0664  0.0989  0.1595  0.2380  0.4270  0.3985  0.2540
 23.40 24.50 24.20 23.50 23.80 21.60  0.0554  0.0462  0.0544  0.0995  0.1673  0.1908  0.4284  0.4388  0.3801
 23.40 24.50 24.20 23.50 23.80 22.60  0.0559  0.0508  0.0557  0.0946  0.1812  0.2046  0.4258  0.4690  0.4083
 23.40 24.50 24.20 24.50 22.80 21.60  0.0467  0.0371  0.0542  0.1014  0.1624  0.2134  0.4250  0.4155  0.1642
 23.40 24.50 24.20 24.50 22.80 22.60  0.0476  0.0440  0.0539  0.0909  0.1602  0.1907  0.4186  0.4513  0.2526
 23.40 24.50 24.20 24.50 23.80 21.60  0.0527  0.0398  0.0471  0.0946  0.1550  0.1840  0.2503  0.4672  0.4509
 23.40 24.50 24.20 24.50 23.80 22.60  0.0532  0.0412  0.0462  0.0823  0.1731  0.1719  0.2277  0.4324  0.4670
 23.40 24.50 25.20 23.50 22.80 21.60  0.0459  0.0386  0.0539  0.0975  0.1583  0.2322  0.4170  0.0896  0.3210
 23.40 24.50 25.20 23.50 22.80 22.60  0.0453  0.0480  0.0593  0.1026  0.1696  0.2409  0.4300  0.4062  0.0454
 23.40 24.50 25.20 23.50 23.80 21.60  0.0527  0.0440  0.0551  0.0872  0.1437  0.2116  0.4333  0.4402  0.4183
 23.40 24.50 25.20 23.50 23.80 22.60  0.0504  0.0489  0.0568  0.0956  0.1614  0.1907  0.4394  0.4480  0.4277
 23.40 24.50 25.20 24.50 22.80 21.60  0.0422  0.0325  0.0417  0.0985  0.1654  0.1836  0.4398  0.4466  0.0449
 23.40 24.50 25.20 24.50 22.80 22.60  0.0433  0.0390  0.0499  0.0859  0.1562  0.2170  0.1404  0.4038  0.2814
 23.40 24.50 25.20 24.50 23.80 21.60  0.0455  0.0332  0.0508  0.0915  0.1458  0.1597  0.2181  0.4775  0.4862
 23.40 24.50 25.20 24.50 23.80 22.60  0.0440  0.0372  0.0461  0.0839  0.1493  0.1600  0.2087  0.4826  0.4791
 23.40 25.50 24.20 23.50 22.80 21.60  0.0486  0.0454  0.0589  0.0946  0.1411  0.3301  0.3807  0.1448  0.0683
 23.40 25.50 24.20 23.50 22.80 22.60  0.0492  0.0464  0.0600  0.1038  0.1797  0.2227  0.4253  0.4117  0.0577
 23.40 25.50 24.20 23.50 23.80 21.60  0.0555  0.0471  0.0530  0.0921  0.1334  0.1892  0.4398  0.4631  0.3776
 23.40 25.50 24.20 23.50 23.80 22.60  0.0543  0.0466  0.0528  0.0815  0.1379  0.2061  0.4378  0.4304  0.4464
 23.40 25.50 24.20 24.50 22.80 21.60  0.0447  0.0388  0.0519  0.0978  0.1587  0.2182  0.4313  0.3975  0.0498
 23.40 25.50 24.20 24.50 22.80 22.60  0.0441  0.0402  0.0513  0.0889  0.1583  0.2260  0.4137  0.3622  0.0346
 23.40 25.50 24.20 24.50 23.80 21.60  0.0576  0.0397  0.0469  0.0874  0.1257  0.2022  0.2440  0.4659  0.4500
 23.40 25.50 24.20 24.50 23.80 22.60  0.0557  0.0397  0.0406  0.0817  0.1175  0.1918  0.2871  0.4525  0.4468
 23.40 25.50 25.20 23.50 22.80 21.60  0.0444  0.0388  0.0596  0.1010  0.1635  0.2566  0.4215  0.4045  0.1931
 23.40 25.50 25.20 23.50 22.80 22.60  0.0436  0.0408  0.0606  0.0919  0.1379  0.2313  0.4482  0.3259  0.0472
 23.40 25.50 25.20 23.50 23.80 21.60  0.0482  0.0411  0.0524  0.0859  0.1107  0.1198  0.4454  0.4585  0.4257
 23.40 25.50 25.20 23.50 23.80 22.60  0.0483  0.0436  0.0538  0.0837  0.1006  0.1394  0.4513  0.4624  0.4176
 23.40 25.50 25.20 24.50 22.80 21.60  0.0364  0.0309  0.0459  0.1011  0.1663  0.3473  0.4174  0.4573  0.0333
 23.40 25.50 25.20 24.50 22.80 22.60  0.0367  0.0332  0.0460  0.0940  0.1437  0.3681  0.3993  0.4480  0.0362
 23.40 25.50 25.20 24.50 23.80 21.60  0.0453  0.0344  0.0581  0.0859  0.1471  0.1736  0.4146  0.4845  0.4498
 23.40 25.50 25.20 24.50 23.80 22.60  0.0456  0.0358  0.0532  0.0828  0.1394  0.1789  0.2195  0.4707  0.4518
 24.40 24.50 24.20 23.50 22.80 21.60  0.0478  0.0474  0.0644  0.1161  0.1673  0.1760  0.4239  0.3711  0.0565
 24.40 24.50 24.20 23.50 22.80 22.60  0.0474  0.0524  0.0685  0.1036  0.1746  0.2101  0.4081  0.4153  0.3352
 24.40 24.50 24.20 23.50 23.80 21.60  0.0512  0.0468  0.0533  0.0899  0.1586  0.1852  0.4351  0.4218  0.4362
 24.40 24.50 24.20 23.50 23.80 22.60  0.0514  0.0523  0.0602  0.0848  0.1558  0.1720  0.4299  0.4357  0.3668
 24.40 24.50 24.20 24.50 22.80 21.60  0.0469  0.0431  0.0595  0.1044  0.1278  0.1767  0.1746  0.4641  0.3923
 24.40 24.50 24.20 24.50 22.80 22.60  0.0475  0.0464  0.0611  0.1053  0.1259  0.1437  0.2057  0.4411  0.4072
 24.40 24.50 24.20 24.50 23.80 21.60  0.0484  0.0401  0.0479  0.0990  0.1155  0.1266  0.2115  0.4650  0.4350
 24.40 24.50 24.20 24.50 23.80 22.60  0.0463  0.0418  0.0444  0.0832  0.1328  0.1429  0.2216  0.4514  0.4508
 24.40 24.50 25.20 23.50 22.80 21.60  0.0466  0.0388  0.0624  0.1065  0.1185  0.1144  0.4595  0.4372  0.0444
 24.40 24.50 25.20 23.50 22.80 22.60  0.0437  0.0487  0.0661  0.0973  0.1752  0.2001  0.4425  0.4473  0.0560
 24.40 24.50 25.20 23.50 23.80 21.60  0.0471  0.0401  0.0500  0.0967  0.1373  0.1300  0.4549  0.4738  0.4405
 24.40 24.50 25.20 23.50 23.80 22.60  0.0487  0.0464  0.0540  0.0871  0.1336  0.1962  0.4450  0.4395  0.4159
 24.40 24.50 25.20 24.50 22.80 21.60  0.0393  0.0323  0.0606  0.1049  0.1055  0.1173  0.1650  0.4683  0.0565
 24.40 24.50 25.20 24.50 22.80 22.60  0.0389  0.0397  0.0566  0.1037  0.1094  0.1280  0.1140  0.4726  0.4032
 24.40 24.50 25.20 24.50 23.80 21.60  0.0438  0.0311  0.0508  0.0942  0.1104  0.0988  0.1512  0.4757  0.4836
 24.40 24.50 25.20 24.50 23.80 22.60  0.0406  0.0372  0.0481  0.0810  0.1287  0.1241  0.1618  0.4667  0.4767
 24.40 25.50 24.20 23.50 22.80 21.60  0.0465  0.0454  0.0689  0.1080  0.1046  0.2141  0.4522  0.4219  0.3633
 24.40 25.50 24.20 23.50 22.80 22.60  0.0474  0.0470  0.0628  0.0959  0.1189  0.2116  0.4116  0.4549  0.0647
 24.40 25.50 24.20 23.50 23.80 21.60  0.0548  0.0478  0.0539  0.0960  0.1087  0.2118  0.4141  0.4612  0.4348
 24.40 25.50 24.20 23.50 23.80 22.60  0.0522  0.0482  0.0515  0.0898  0.0996  0.1872  0.4509  0.4489  0.4477
 24.40 25.50 24.20 24.50 22.80 21.60  0.0447  0.0428  0.0619  0.0961  0.1055  0.2087  0.2558  0.4538  0.0449
 24.40 25.50 24.20 24.50 22.80 22.60  0.0453  0.0412  0.0578  0.0940  0.0963  0.1872  0.2150  0.4794  0.3307
 24.40 25.50 24.20 24.50 23.80 21.60  0.0526  0.0389  0.0466  0.0850  0.0843  0.2080  0.2270  0.4542  0.4518
 24.40 25.50 24.20 24.50 23.80 22.60  0.0529  0.0393  0.0445  0.0823  0.0883  0.2013  0.2451  0.4595  0.4385
 24.40 25.50 25.20 23.50 22.80 21.60  0.0403  0.0407  0.0628  0.1051  0.0931  0.2228  0.4469  0.4421  0.0673
 24.40 25.50 25.20 23.50 22.80 22.60  0.0398  0.0425  0.0635  0.0965  0.1070  0.1440  0.4548  0.4269  0.3414
 24.40 25.50 25.20 23.50 23.80 21.60  0.0452  0.0416  0.0509  0.0883  0.0988  0.1822  0.4244  0.4653  0.4301
 24.40 25.50 25.20 23.50 23.80 22.60  0.0444  0.0425  0.0504  0.0814  0.0903  0.1935  0.4456  0.4595  0.4299
 24.40 25.50 25.20 24.50 22.80 21.60  0.0351  0.0341  0.0597  0.0989  0.0857  0.1198  0.1721  0.4618  0.4160
 24.40 25.50 25.20 24.50 22.80 22.60  0.0347  0.0349  0.0604  0.0895  0.0785  0.1087  0.1195  0.4630  0.4126
 24.40 25.50 25.20 24.50 23.80 21.60  0.0442  0.0350  0.0590  0.0846  0.0853  0.1243  0.3974  0.4792  0.4782
 24.40 25.50 25.20 24.50 23.80 22.60  0.0434  0.0357  0.0556  0.0846  0.0884  0.1437  0.2652  0.4743  0.4710
 25.52 26.94 27.37 27.05 26.30 24.64  0.0263  0.0167  0.0169  0.0283  0.0355  0.0362  0.0300  0.0413  0.0654
 25.71 26.53 27.38 26.16 26.25 24.90  0.0303  0.0204  0.0212  0.0302  0.0373  0.0396  0.0364  0.0531  0.0844
 26.26 27.06 27.27 26.81 26.28 24.86  0.0256  0.0170  0.0170  0.0255  0.0303  0.0314  0.0291  0.0444  0.0714
 26.23 27.67 27.22 26.96 26.18 24.21  0.0234  0.0164  0.0184  0.0279  0.0323  0.0318  0.0322  0.0471  0.0788
 25.29 27.27 27.64 26.98 26.31 24.86  0.0252  0.0161  0.0167  0.0260  0.0378  0.0373  0.0316  0.0445  0.0614
 26.36 26.60 27.20 26.14 25.97 25.04  0.0285  0.0210  0.0208  0.0291  0.0357  0.0372  0.0361  0.0613  0.0916
 25.27 27.25 27.65 26.60 25.46 24.81  0.0270  0.0180  0.0200  0.0306  0.0395  0.0415  0.0344  0.0557  0.0854
 25.88 27.18 27.77 26.83 25.79 24.85  0.0246  0.0167  0.0178  0.0267  0.0348  0.0334  0.0310  0.0499  0.1090
 26.19 26.51 27.77 26.63 26.14 24.93  0.0274  0.0182  0.0182  0.0268  0.0332  0.0327  0.0320  0.0468  0.0788
 25.89 27.68 26.91 26.60 26.37 24.90  0.0262  0.0172  0.0179  0.0264  0.0327  0.0367  0.0316  0.0446  0.0648
 25.50 27.55 27.17 26.70 26.37 24.23  0.0259  0.0164  0.0190  0.0315  0.0382  0.0381  0.0308  0.0465  0.0700
 26.40 26.86 27.34 27.02 26.04 24.55  0.0252  0.0171  0.0170  0.0277  0.0332  0.0305  0.0286  0.0487  0.1015
 26.32 27.56 27.57 26.68 25.97 24.98  0.0228  0.0160  0.0175  0.0257  0.0285  0.0308  0.0311  0.0476  0.0719
 26.39 27.26 27.49 26.76 25.96 25.14  0.0237  0.0163  0.0170  0.0259  0.0277  0.0311  0.0289  0.0455  0.0888
 26.38 26.57 27.84 27.15 25.76 24.43  0.0263  0.0174  0.0178  0.0298  0.0356  0.0302  0.0296  0.0556  0.0886
 25.78 26.79 27.14 26.72 26.30 24.97  0.0275  0.0184  0.0185  0.0276  0.0336  0.0374  0.0322  0.0450  0.0700
 26.22 27.02 27.44 27.01 25.23 25.13  0.0259  0.0179  0.0193  0.0290  0.0327  0.0309  0.0359  0.0678  0.1182
 26.14 27.39 27.20 26.70 25.37 25.08  0.0252  0.0180  0.0201  0.0297  0.0342  0.0351  0.0308  0.0565  0.0834
 26.36 26.91 26.93 25.99 26.07 24.51  0.0295  0.0209  0.0229  0.0320  0.0337  0.0381  0.0421  0.4357  0.0792
 25.92 27.21 26.78 26.09 26.10 24.82  0.0291  0.0199  0.0217  0.0298  0.0343  0.0389  0.0401  0.0506  0.0858
 25.73 27.12 27.15 27.09 25.57 24.78  0.0260  0.0177  0.0186  0.0292  0.0347  0.0319  0.0346  0.0475  0.0932
 25.68 27.55 27.71 27.09 26.35 24.79  0.0230  0.0152  0.0161  0.0251  0.0326  0.0324  0.0274  0.0462  0.0622
 26.38 26.80 27.18 26.18 26.04 24.44  0.0279  0.0198  0.0222  0.0325  0.0357  0.0359  0.0351  0.0579  0.0848
 25.80 27.62 27.84 26.71 25.79 24.64  0.0232  0.0156  0.0183  0.0276  0.0332  0.0334  0.0301  0.0524  0.0891
 26.32 27.57 27.46 26.79 26.34 24.03  0.0239  0.0162  0.0185  0.0294  0.0312  0.0300  0.0275  0.0426  0.0640
 25.96 27.24 27.51 26.25 26.29 24.60  0.0264  0.0178  0.0204  0.0284  0.0337  0.0353  0.0368  0.0462  0.0773
 25.75 26.67 27.80 26.74 25.86 24.98  0.0263  0.0176  0.0186  0.0287  0.0343  0.0355  0.0291  0.0530  0.0864
 25.65 27.25 27.29 26.02 26.04 24.37  0.0282  0.0190  0.0236  0.0345  0.0395  0.0394  0.0385  0.0615  0.1014
 26.27 27.43 27.30 26.01 26.32 25.17  0.0264  0.0184  0.0212  0.0273  0.0312  0.0346  0.0387  0.0536  0.0795
 25.72 27.63 27.25 27.09 25.85 25.12  0.0240  0.0161  0.0171  0.0259  0.0326  0.0341  0.0276  0.0446  0.0766
 26.29 27.65 27.67 26.71 25.95 24.80  0.0231  0.0157  0.0173  0.0255  0.0314  0.0325  0.0288  0.0545  0.0701
 26.28 27.61 27.28 26.95 26.28 24.70  0.0234  0.0160  0.0168  0.0254  0.0291  0.0330  0.0293  0.0390  0.0615
 25.55 26.68 27.61 26.29 26.27 24.84  0.0286  0.0189  0.0203  0.0297  0.0395  0.0402  0.0344  0.0651  0.0822
 25.54 27.13 27.45 26.97 25.30 24.92  0.0263  0.0183  0.0194  0.0318  0.0383  0.0378  0.0343  0.0695  0.4481
 25.80 27.16 26.72 26.98 26.34 24.69  0.0278  0.0179  0.0177  0.0283  0.0350  0.0369  0.0304  0.0470  0.0747
 26.31 27.28 27.77 26.84 26.34 24.97  0.0232  0.0155  0.0167  0.0247  0.0298  0.0308  0.0304  0.0406  0.0627
 26.20 27.35 27.61 26.87 25.84 24.97  0.0235  0.0161  0.0170  0.0263  0.0309  0.0301  0.0317  0.0506  0.0691
 26.15 27.45 27.70 26.75 26.23 24.12  0.0246  0.0156  0.0185  0.0302  0.0330  0.0294  0.0292  0.0414  0.0752
 26.00 27.43 27.33 27.00 26.16 24.97  0.0240  0.0160  0.0167  0.0251  0.0313  0.0316  0.0297  0.0412  0.0609
 25.70 27.70 27.20 26.57 25.79 24.97  0.0256  0.0172  0.0187  0.0280  0.0346  0.0362  0.0329  0.0534  0.0752
 25.92 27.50 26.96 26.48 25.60 24.98  0.0264  0.0186  0.0207  0.0289  0.0345  0.0374  0.0365  0.0581  0.0872
 25.49 27.46 27.47 27.10 25.75 24.53  0.0248  0.0163  0.0179  0.0291  0.0355  0.0366  0.0328  0.0512  0.0771
 25.93 27.46 26.93 26.48 26.01 25.04  0.0266  0.0180  0.0192  0.0276  0.0325  0.0355  0.0364  0.0483  0.0757
 26.35 27.21 27.63 26.14 26.06 24.79  0.0260  0.0178  0.0210  0.0283  0.0328  0.0344  0.0377  0.0512  0.0910
 26.21 27.66 27.23 26.80 25.42 25.03  0.0246  0.0171  0.0188  0.0283  0.0312  0.0303  0.0339  0.0574  0.0829
 25.94 27.68 27.22 27.11 26.14 24.32  0.0237  0.0160  0.0174  0.0265  0.0333  0.0333  0.0306  0.0471  0.0643
 25.22 27.41 27.80 26.79 26.10 24.85  0.0251  0.0157  0.0170  0.0269  0.0373  0.0434  0.0327  0.0495  0.0542
 25.83 26.80 27.55 26.41 25.24 24.93  0.0288  0.0197  0.0219  0.0325  0.0359  0.0375  0.0370  0.0694  0.1410
 25.95 26.94 27.53 27.14 26.25 24.99  0.0244  0.0166  0.0165  0.0247  0.0316  0.0331  0.0277  0.0339  0.0664
 26.16 27.51 27.32 25.98 26.32 24.88  0.0268  0.0179  0.0217  0.0286  0.0310  0.0362  0.0374  0.0579  0.0649
 25.61 27.00 27.62 27.12 25.83 24.15  0.0263  0.0169  0.0184  0.0300  0.0374  0.0340  0.0291  0.0579  0.0764
 26.28 27.17 27.80 26.48 26.27 25.06  0.0249  0.0164  0.0182  0.0251  0.0298  0.0327  0.0321  0.0414  0.0746
 25.97 27.51 27.73 26.98 26.06 25.15  0.0234  0.0150  0.0160  0.0243  0.0299  0.0294  0.0296  0.0481  0.0563
 25.65 27.55 27.00 26.66 26.18 25.05  0.0264  0.0171  0.0180  0.0260  0.0345  0.0367  0.0339  0.0482  0.0601
 26.31 27.66 27.49 27.09 26.09 25.13  0.0228  0.0154  0.0157  0.0234  0.0286  0.0284  0.0284  0.0389  0.0683
 25.69 27.36 27.52 27.09 25.46 25.17  0.0246  0.0168  0.0180  0.0284  0.0337  0.0338  0.0298  0.0536  0.0798
 25.95 27.34 26.79 26.92 26.29 24.19  0.0266  0.0177  0.0190  0.0305  0.0338  0.0333  0.0327  0.0423  0.0636
 26.21 27.46 27.26 26.61 26.12 25.09  0.0246  0.0168  0.0173  0.0257  0.0314  0.0325  0.0291  0.0482  0.0672
 26.17 27.12 27.67 27.01 25.95 25.17  0.0239  0.0160  0.0170  0.0249  0.0311  0.0300  0.0288  0.0438  0.0638
 26.26 27.63 27.83 27.10 26.33 25.07  0.0216  0.0145  0.0151  0.0226  0.0286  0.0279  0.0289  0.0396  0.0601
 26.23 27.12 27.63 27.07 26.14 25.17  0.0236  0.0155  0.0159  0.0236  0.0296  0.0301  0.0260  0.0405  0.0642
 25.97 27.54 26.70 26.72 26.16 24.97  0.0268  0.0184  0.0181  0.0271  0.0328  0.0346  0.0335  0.0472  0.0721
 26.38 27.32 27.16 27.10 26.07 24.95  0.0242  0.0165  0.0163  0.0251  0.0290  0.0305  0.0292  0.0429  0.0918
 26.03 27.32 27.02 26.60 25.73 25.05  0.0261  0.0180  0.0196  0.0280  0.0317  0.0335  0.0357  0.0529  0.0687
 26.07 27.11 27.68 26.89 26.37 24.46  0.0247  0.0160  0.0168  0.0272  0.0323  0.0328  0.0272  0.0409  0.0610
 25.93 27.40 27.68 26.81 25.40 24.37  0.0252  0.0171  0.0199  0.0322  0.0334  0.0336  0.0367  0.0682  0.0822
 25.88 27.44 26.76 27.10 26.34 25.08  0.0259  0.0175  0.0168  0.0251  0.0324  0.0337  0.0298  0.0468  0.0797
 26.18 27.19 27.34 26.20 26.15 25.00  0.0268  0.0181  0.0201  0.0286  0.0326  0.0365  0.0359  0.0473  0.0753
 25.32 27.07 27.79 26.74 26.37 24.62  0.0257  0.0160  0.0176  0.0275  0.0382  0.0381  0.0298  0.0400  0.0654
 26.12 26.67 27.55 26.50 26.16 25.16  0.0276  0.0181  0.0187  0.0266  0.0325  0.0336  0.0314  0.0448  0.0616
 25.46 27.68 27.16 26.82 26.30 24.39  0.0258  0.0164  0.0181  0.0291  0.0376  0.0373  0.0333  0.0443  0.0751
 26.28 27.56 27.51 26.74 26.35 25.04  0.0236  0.0155  0.0165  0.0245  0.0284  0.0299  0.0299  0.0480  0.0660
 25.22 27.67 27.49 26.92 26.18 24.22  0.0247  0.0160  0.0178  0.0298  0.0398  0.0409  0.0304  0.0459  0.0715
 26.14 27.57 27.26 26.89 25.95 24.93  0.0244  0.0165  0.0173  0.0254  0.0313  0.0317  0.0324  0.0462  0.0775
 26.35 27.51 27.21 27.06 25.83 24.98  0.0242  0.0162  0.0168  0.0254  0.0297  0.0302  0.0301  0.0479  0.0694
 25.22 27.61 27.72 26.55 26.00 24.43  0.0252  0.0160  0.0194  0.0301  0.0396  0.0407  0.0343  0.0540  0.0825
 26.09 27.41 27.74 26.69 26.04 25.05  0.0238  0.0162  0.0179  0.0249  0.0306  0.0341  0.0293  0.0472  0.0676
 26.27 26.64 27.48 27.15 25.45 24.90  0.0263  0.0183  0.0184  0.0302  0.0343  0.0309  0.0298  0.0529  0.0806
 25.32 27.50 27.82 26.85 25.18 24.84  0.0264  0.0169  0.0198  0.0308  0.0394  0.0421  0.0359  0.0583  0.0922
 26.09 27.52 27.46 26.50 26.27 25.15  0.0243  0.0161  0.0180  0.0255  0.0307  0.0317  0.0295  0.0490  0.0599
 26.24 27.57 27.82 26.65 26.16 25.10  0.0228  0.0154  0.0168  0.0245  0.0295  0.0312  0.0284  0.0424  0.0717
 26.07 27.16 27.14 26.98 26.30 24.44  0.0256  0.0168  0.0172  0.0275  0.0324  0.0319  0.0316  0.0457  0.0705
 26.16 27.68 27.71 26.80 26.24 24.94  0.0228  0.0153  0.0170  0.0254  0.0291  0.0288  0.0286  0.0391  0.0647
 26.12 26.69 27.16 26.73 25.41 25.05  0.0276  0.0201  0.0198  0.0309  0.0343  0.0342  0.0379  0.0571  0.0834
 25.49 27.33 27.70 26.69 26.00 24.83  0.0249  0.0160  0.0180  0.0286  0.0359  0.0342  0.0316  0.0464  0.0943
 25.89 26.71 27.46 26.32 26.31 24.87  0.0281  0.0190  0.0200  0.0290  0.0359  0.0383  0.0317  0.0527  0.0708
 26.21 27.43 26.73 26.67 25.52 25.04  0.0269  0.0193  0.0203  0.0283  0.0328  0.0369  0.0374  0.0519  0.1071
 25.86 26.75 27.76 26.94 25.86 25.17  0.0264  0.0177  0.0176  0.0279  0.0343  0.0349  0.0263  0.0462  0.0972
 26.36 27.51 27.35 26.90 26.13 24.41  0.0243  0.0163  0.0175  0.0275  0.0307  0.0298  0.0288  0.0471  0.0803
 26.39 27.58 27.80 26.64 26.25 25.17  0.0228  0.0152  0.0169  0.0232  0.0293  0.0296  0.0281  0.0401  0.0649
 25.64 27.69 26.73 26.35 26.35 24.63  0.0277  0.0191  0.0200  0.0303  0.0370  0.0371  0.0387  0.0447  0.0769
 26.37 27.10 26.86 26.93 25.29 24.86  0.0281  0.0199  0.0196  0.0307  0.0341  0.0343  0.0374  0.0643  0.4737
 26.36 27.19 27.07 26.77 26.05 24.90  0.0249  0.0175  0.0180  0.0269  0.0319  0.0313  0.0322  0.0478  0.0799
 25.84 27.10 27.35 26.64 26.32 24.54  0.0262  0.0172  0.0186  0.0283  0.0347  0.0344  0.0307  0.0497  0.0708
 26.31 27.23 27.81 27.10 26.29 24.51  0.0232  0.0155  0.0165  0.0260  0.0314  0.0282  0.0284  0.0443  0.0597
 25.55 26.77 27.60 26.36 26.34 24.70  0.0289  0.0183  0.0199  0.0293  0.0377  0.0410  0.0372  0.0443  0.0619
 25.98 27.62 27.38 27.01 25.46 24.75  0.0236  0.0168  0.0189  0.0282  0.0314  0.0319  0.0312  0.0619  0.0815
 25.87 26.72 27.68 27.10 26.08 24.41  0.0265  0.0170  0.0176  0.0290  0.0369  0.0317  0.0303  0.0467  0.0696
 26.21 27.69 27.62 26.85 26.06 25.05  0.0226  0.0153  0.0166  0.0244  0.0306  0.0301  0.0285  0.0463  0.0732
 25.49 27.66 27.81 26.94 25.86 25.11  0.0241  0.0152  0.0164  0.0249  0.0337  0.0384  0.0325  0.0462  0.0701
 25.85 27.45 27.61 27.05 26.22 24.28  0.0245  0.0151  0.0174  0.0287  0.0327  0.0313  0.0270  0.0405  0.0613
 25.68 27.61 27.30 26.03 26.25 24.10  0.0271  0.0185  0.0239  0.0346  0.0389  0.0395  0.0349  0.0640  0.0793
 26.37 27.52 27.19 25.98 25.98 25.13  0.0268  0.0188  0.0214  0.0284  0.0320  0.0373  0.0373  0.0630  0.0971
 26.29 27.17 26.96 26.94 25.99 24.16  0.0264  0.0177  0.0194  0.0309  0.0338  0.0324  0.0321  0.0581  0.0744
 25.92 27.61 27.36 27.14 25.94 25.10  0.0239  0.0158  0.0163  0.0245  0.0319  0.0305  0.0269  0.0444  0.0703
 25.43 27.65 27.65 26.99 25.75 24.97  0.0245  0.0156  0.0176  0.0278  0.0367  0.0364  0.0296  0.0459  0.0874
 26.27 27.68 27.64 26.88 26.32 24.67  0.0229  0.0152  0.0167  0.0252  0.0276  0.0310  0.0279  0.0480  0.0724
 26.06 27.33 27.36 26.97 25.82 24.17  0.0245  0.0168  0.0188  0.0291  0.0337  0.0322  0.0317  0.0591  0.0766
 26.34 27.32 26.88 26.81 26.29 24.72  0.0256  0.0177  0.0177  0.0262  0.0311  0.0321  0.0298  0.0478  0.0868
 26.28 27.30 27.62 26.81 26.17 24.96  0.0238  0.0156  0.0166  0.0257  0.0296  0.0298  0.0268  0.0419  0.0641
 25.47 27.04 27.72 26.84 26.34 25.10  0.0258  0.0161  0.0166  0.0254  0.0342  0.0372  0.0280  0.0464  0.0733
 26.34 27.17 27.76 27.00 26.02 24.58  0.0238  0.0159  0.0172  0.0260  0.0309  0.0299  0.0289  0.0485  0.0766
 26.39 27.07 27.71 26.87 26.34 24.80  0.0251  0.0157  0.0168  0.0241  0.0297  0.0299  0.0282  0.0401  0.0769
 26.24 27.36 27.56 26.46 25.60 24.94  0.0249  0.0174  0.0197  0.0284  0.0316  0.0342  0.0321  0.0546  0.0843
 26.15 27.31 26.74 26.34 26.36 25.14  0.0268  0.0192  0.0197  0.0267  0.0330  0.0360  0.0368  0.0529  0.0695
 26.09 27.58 27.32 26.46 25.68 24.21  0.0252  0.0175  0.0203  0.0314  0.0343  0.0349  0.0347  0.0602  0.0981
 25.73 27.69 27.84 26.80 26.30 24.93  0.0234  0.0151  0.0169  0.0248  0.0313  0.0321  0.0268  0.0337  0.0674
 26.31 27.69 27.81 26.07 26.17 25.14  0.0244  0.0170  0.0206  0.0265  0.0309  0.0354  0.0356  0.0499  0.0835
 25.79 27.11 26.72 26.94 25.48 24.89  0.0273  0.0197  0.0208  0.0313  0.0356  0.0363  0.0398  0.0523  0.0896
 25.86 27.45 27.34 27.11 25.86 24.97  0.0241  0.0163  0.0166  0.0259  0.0310  0.0335  0.0287  0.0488  0.0841
 26.23 26.83 27.19 27.00 25.63 24.98  0.0260  0.0185  0.0186  0.0281  0.0331  0.0332  0.0319  0.0489  0.0944
 25.86 27.56 27.77 26.59 25.49 25.16  0.0250  0.0167  0.0189  0.0277  0.0334  0.0347  0.0353  0.0499  0.4586
 26.40 27.65 27.65 26.53 26.07 24.03  0.0241  0.0165  0.0198  0.0314  0.0320  0.0319  0.0341  0.0569  0.0797
 26.22 27.15 27.10 27.11 25.65 25.14  0.0258  0.0174  0.0175  0.0269  0.0310  0.0306  0.0335  0.0451  0.0798
 25.70 27.08 27.62 27.11 26.13 24.88  0.0247  0.0163  0.0160  0.0261  0.0327  0.0306  0.0293  0.0424  0.0647
 25.33 27.32 27.58 26.92 26.25 25.04  0.0247  0.0157  0.0173  0.0255  0.0371  0.0381  0.0294  0.0434  0.0881
 25.96 27.39 27.18 26.92 25.90 24.25  0.0257  0.0172  0.0189  0.0294  0.0337  0.0341  0.0338  0.0476  0.0836
 25.90 27.38 26.99 26.16 26.28 24.42  0.0279  0.0190  0.0214  0.0319  0.0367  0.0376  0.0362  0.0566  0.0735
 26.35 27.57 27.55 26.82 26.01 25.08  0.0229  0.0163  0.0171  0.0239  0.0290  0.0309  0.0288  0.0454  0.0914
 26.22 27.39 27.25 26.98 26.11 25.16  0.0238  0.0162  0.0161  0.0245  0.0301  0.0281  0.0284  0.0449  0.0592
 26.09 27.63 26.91 26.32 25.43 25.06  0.0269  0.0190  0.0213  0.0310  0.0348  0.0374  0.0403  0.0689  0.0786
 26.05 27.44 27.75 26.79 26.34 24.81  0.0239  0.0151  0.0172  0.0253  0.0310  0.0323  0.0272  0.0480  0.0678
 26.20 27.21 27.52 26.62 26.19 24.99  0.0244  0.0165  0.0179  0.0261  0.0301  0.0320  0.0296  0.0450  0.0899
 26.12 27.65 26.84 26.96 26.11 25.02  0.0253  0.0173  0.0174  0.0249  0.0309  0.0312  0.0322  0.0578  0.0684
 25.63 27.60 26.93 26.58 25.99 24.94  0.0265  0.0177  0.0188  0.0284  0.0376  0.0361  0.0336  0.0497  0.0725
 25.66 27.46 27.53 26.14 26.11 24.86  0.0265  0.0179  0.0211  0.0295  0.0354  0.0388  0.0354  0.0608  0.0780
 26.39 27.45 27.61 26.30 26.28 25.04  0.0245  0.0169  0.0191  0.0258  0.0286  0.0324  0.0315  0.0431  0.0784
 25.73 27.07 27.77 26.78 26.21 24.27  0.0257  0.0160  0.0176  0.0285  0.0347  0.0352  0.0286  0.0480  0.0645
 25.92 27.50 27.39 27.08 26.27 24.82  0.0241  0.0155  0.0159  0.0245  0.0303  0.0314  0.0280  0.0421  0.0594
 25.86 27.61 27.43 27.02 26.23 24.48  0.0242  0.0158  0.0171  0.0267  0.0323  0.0305  0.0287  0.0470  0.0744
 25.40 27.59 27.83 26.80 25.23 24.94  0.0249  0.0172  0.0201  0.0306  0.0367  0.0360  0.0381  0.0587  0.4633
 26.33 27.55 27.52 26.50 26.02 25.09  0.0244  0.0161  0.0181  0.0257  0.0298  0.0330  0.0313  0.0491  0.0726
 26.27 27.50 27.79 26.76 26.19 24.86  0.0238  0.0152  0.0171  0.0255  0.0305  0.0326  0.0282  0.0534  0.0635
 26.37 27.23 27.06 26.23 25.34 24.64  0.0272  0.0200  0.0223  0.0325  0.0343  0.0361  0.0418  0.0685  0.4521
 26.39 27.00 27.52 26.32 25.91 24.05  0.0269  0.0182  0.0221  0.0344  0.0348  0.0339  0.0377  0.0579  0.1297
 25.99 27.56 27.39 27.00 26.11 24.82  0.0235  0.0157  0.0172  0.0260  0.0330  0.0321  0.0291  0.0452  0.0680
 26.30 27.00 27.42 26.94 25.39 24.95  0.0257  0.0177  0.0189  0.0295  0.0326  0.0328  0.0328  0.0575  0.1084
 26.02 27.41 27.64 26.79 25.48 24.51  0.0252  0.0169  0.0191  0.0295  0.0330  0.0320  0.0316  0.0595  0.0743
 26.27 27.49 27.28 27.15 25.93 24.06  0.0247  0.0163  0.0187  0.0298  0.0326  0.0299  0.0315  0.0477  0.0822
 25.63 26.57 27.45 27.13 26.09 24.36  0.0272  0.0175  0.0184  0.0303  0.0374  0.0355  0.0334  0.0429  0.0812
